1002
0.0000000000000 0.0000000000000 100.0000000000000
0.0000000000000 100.0000000000000 0.0000000000000
0.0000000000000 99.9980260856137 0.0000000000000
0.0000000000000 99.9921044203816 0.0000000000000
0.0000000000000 99.9822352380809 0.0000000000000
0.0000000000000 99.9684189283300 0.0000000000000
0.0000000000000 99.9506560365732 0.0000000000000
0.0000000000000 99.9289472640589 0.0000000000000
0.0000000000000 99.9032934678125 0.0000000000000
0.0000000000000 99.8736956606017 0.0000000000000
0.0000000000000 99.8401550108975 0.0000000000000
0.0000000000000 99.8026728428271 0.0000000000000
0.0000000000000 99.7612506361225 0.0000000000000
0.0000000000000 99.7158900260614 0.0000000000000
0.0000000000000 99.6665928034030 0.0000000000000
0.0000000000000 99.6133609143173 0.0000000000000
0.0000000000000 99.5561964603080 0.0000000000000
0.0000000000000 99.4951016981300 0.0000000000000
0.0000000000000 99.4300790396999 0.0000000000000
0.0000000000000 99.3611310520008 0.0000000000000
0.0000000000000 99.2882604569814 0.0000000000000
0.0000000000000 99.2114701314478 0.0000000000000
0.0000000000000 99.1307631069507 0.0000000000000
0.0000000000000 99.0461425696651 0.0000000000000
0.0000000000000 98.9576118602651 0.0000000000000
0.0000000000000 98.8651744737914 0.0000000000000
0.0000000000000 98.7688340595138 0.0000000000000
0.0000000000000 98.6685944207868 0.0000000000000
0.0000000000000 98.5644595148998 0.0000000000000
0.0000000000000 98.4564334529205 0.0000000000000
0.0000000000000 98.3445204995330 0.0000000000000
0.0000000000000 98.2287250728689 0.0000000000000
0.0000000000000 98.1090517443334 0.0000000000000
0.0000000000000 97.9855052384247 0.0000000000000
0.0000000000000 97.8580904325472 0.0000000000000
0.0000000000000 97.7268123568194 0.0000000000000
0.0000000000000 97.5916761938747 0.0000000000000
0.0000000000000 97.4526872786577 0.0000000000000
0.0000000000000 97.3098510982126 0.0000000000000
0.0000000000000 97.1631732914674 0.0000000000000
0.0000000000000 97.0126596490106 0.0000000000000
0.0000000000000 96.8583161128631 0.0000000000000
0.0000000000000 96.7001487762435 0.0000000000000
0.0000000000000 96.5381638833274 0.0000000000000
0.0000000000000 96.3723678290010 0.0000000000000
0.0000000000000 96.2027671586086 0.0000000000000
0.0000000000000 96.0293685676943 0.0000000000000
0.0000000000000 95.8521789017376 0.0000000000000
0.0000000000000 95.6712051558831 0.0000000000000
0.0000000000000 95.4864544746643 0.0000000000000
0.0000000000000 95.2979341517219 0.0000000000000
0.0000000000000 95.1056516295154 0.0000000000000
0.0000000000000 94.9096144990295 0.0000000000000
0.0000000000000 94.7098304994744 0.0000000000000
0.0000000000000 94.5063075179805 0.0000000000000
0.0000000000000 94.2990535892865 0.0000000000000
0.0000000000000 94.0880768954225 0.0000000000000
0.0000000000000 93.8733857653874 0.0000000000000
0.0000000000000 93.6549886748192 0.0000000000000
0.0000000000000 93.4328942456612 0.0000000000000
0.0000000000000 93.2071112458211 0.0000000000000
0.0000000000000 92.9776485888251 0.0000000000000
0.0000000000000 92.7445153334661 0.0000000000000
0.0000000000000 92.5077206834458 0.0000000000000
0.0000000000000 92.2672739870115 0.0000000000000
0.0000000000000 92.0231847365870 0.0000000000000
0.0000000000000 91.7754625683981 0.0000000000000
0.0000000000000 91.5241172620917 0.0000000000000
0.0000000000000 91.2691587403503 0.0000000000000
0.0000000000000 91.0105970684996 0.0000000000000
0.0000000000000 90.7484424541117 0.0000000000000
0.0000000000000 90.4827052466020 0.0000000000000
0.0000000000000 90.2133959368203 0.0000000000000
0.0000000000000 89.9405251566371 0.0000000000000
0.0000000000000 89.6641036785236 0.0000000000000
0.0000000000000 89.3841424151264 0.0000000000000
0.0000000000000 89.1006524188368 0.0000000000000
0.0000000000000 88.8136448813545 0.0000000000000
0.0000000000000 88.5231311332455 0.0000000000000
0.0000000000000 88.2291226434953 0.0000000000000
0.0000000000000 87.9316310190556 0.0000000000000
0.0000000000000 87.6306680043864 0.0000000000000
0.0000000000000 87.3262454809920 0.0000000000000
0.0000000000000 87.0183754669526 0.0000000000000
0.0000000000000 86.7070701164490 0.0000000000000
0.0000000000000 86.3923417192835 0.0000000000000
0.0000000000000 86.0742027003944 0.0000000000000
0.0000000000000 85.7526656193652 0.0000000000000
0.0000000000000 85.4277431699295 0.0000000000000
0.0000000000000 85.0994481794692 0.0000000000000
0.0000000000000 84.7677936085083 0.0000000000000
0.0000000000000 84.4327925502015 0.0000000000000
0.0000000000000 84.0944582298169 0.0000000000000
0.0000000000000 83.7528040042142 0.0000000000000
0.0000000000000 83.4078433613171 0.0000000000000
0.0000000000000 83.0595899195813 0.0000000000000
0.0000000000000 82.7080574274562 0.0000000000000
0.0000000000000 82.3532597628427 0.0000000000000
0.0000000000000 81.9952109325452 0.0000000000000
0.0000000000000 81.6339250717184 0.0000000000000
0.0000000000000 81.2694164433094 0.0000000000000
0.0000000000000 80.9016994374947 0.0000000000000
0.0000000000000 80.5307885711122 0.0000000000000
0.0000000000000 80.1566984870877 0.0000000000000
0.0000000000000 79.7794439538571 0.0000000000000
0.0000000000000 79.3990398647835 0.0000000000000
0.0000000000000 79.0155012375690 0.0000000000000
0.0000000000000 78.6288432136619 0.0000000000000
0.0000000000000 78.2390810576588 0.0000000000000
0.0000000000000 77.8462301567023 0.0000000000000
0.0000000000000 77.4503060198734 0.0000000000000
0.0000000000000 77.0513242775789 0.0000000000000
0.0000000000000 76.6493006809350 0.0000000000000
0.0000000000000 76.2442511011448 0.0000000000000
0.0000000000000 75.8361915288722 0.0000000000000
0.0000000000000 75.4251380736104 0.0000000000000
0.0000000000000 75.0111069630460 0.0000000000000
0.0000000000000 74.5941145424182 0.0000000000000
0.0000000000000 74.1741772738739 0.0000000000000
0.0000000000000 73.7513117358174 0.0000000000000
0.0000000000000 73.3255346222560 0.0000000000000
0.0000000000000 72.8968627421412 0.0000000000000
0.0000000000000 72.4653130187047 0.0000000000000
0.0000000000000 72.0309024887907 0.0000000000000
0.0000000000000 71.5936483021831 0.0000000000000
0.0000000000000 71.1535677209285 0.0000000000000
0.0000000000000 70.7106781186548 0.0000000000000
0.0000000000000 70.2649969798849 0.0000000000000
0.0000000000000 69.8165418993473 0.0000000000000
0.0000000000000 69.3653305812805 0.0000000000000
0.0000000000000 68.9113808387348 0.0000000000000
0.0000000000000 68.4547105928689 0.0000000000000
0.0000000000000 67.9953378722419 0.0000000000000
0.0000000000000 67.5332808121024 0.0000000000000
0.0000000000000 67.0685576536720 0.0000000000000
0.0000000000000 66.6011867434252 0.0000000000000
0.0000000000000 66.1311865323652 0.0000000000000
0.0000000000000 65.6585755752957 0.0000000000000
0.0000000000000 65.1833725300879 0.0000000000000
0.0000000000000 64.7055961569444 0.0000000000000
0.0000000000000 64.2252653176584 0.0000000000000
0.0000000000000 63.7423989748690 0.0000000000000
0.0000000000000 63.2570161913125 0.0000000000000
0.0000000000000 62.7691361290701 0.0000000000000
0.0000000000000 62.2787780488113 0.0000000000000
0.0000000000000 61.7859613090334 0.0000000000000
0.0000000000000 61.2907053652977 0.0000000000000
0.0000000000000 60.7930297694605 0.0000000000000
0.0000000000000 60.2929541689025 0.0000000000000
0.0000000000000 59.7904983057519 0.0000000000000
0.0000000000000 59.2856820161059 0.0000000000000
0.0000000000000 58.7785252292473 0.0000000000000
0.0000000000000 58.2690479668576 0.0000000000000
0.0000000000000 57.7572703422268 0.0000000000000
0.0000000000000 57.2432125594591 0.0000000000000
0.0000000000000 56.7268949126757 0.0000000000000
0.0000000000000 56.2083377852131 0.0000000000000
0.0000000000000 55.6875616488188 0.0000000000000
0.0000000000000 55.1645870628430 0.0000000000000
0.0000000000000 54.6394346734269 0.0000000000000
0.0000000000000 54.1121252126876 0.0000000000000
0.0000000000000 53.5826794978997 0.0000000000000
0.0000000000000 53.0511184306734 0.0000000000000
0.0000000000000 52.5174629961296 0.0000000000000
0.0000000000000 51.9817342620710 0.0000000000000
0.0000000000000 51.4439533781507 0.0000000000000
0.0000000000000 50.9041415750371 0.0000000000000
0.0000000000000 50.3623201635761 0.0000000000000
0.0000000000000 49.8185105339491 0.0000000000000
0.0000000000000 49.2727341548292 0.0000000000000
0.0000000000000 48.7250125725332 0.0000000000000
0.0000000000000 48.1753674101715 0.0000000000000
0.0000000000000 47.6238203667939 0.0000000000000
0.0000000000000 47.0703932165333 0.0000000000000
0.0000000000000 46.5151078077458 0.0000000000000
0.0000000000000 45.9579860621488 0.0000000000000
0.0000000000000 45.3990499739547 0.0000000000000
0.0000000000000 44.8383216090032 0.0000000000000
0.0000000000000 44.2758231038901 0.0000000000000
0.0000000000000 43.7115766650933 0.0000000000000
0.0000000000000 43.1456045680959 0.0000000000000
0.0000000000000 42.5779291565073 0.0000000000000
0.0000000000000 42.0085728411806 0.0000000000000
0.0000000000000 41.4375580993284 0.0000000000000
0.0000000000000 40.8649074736349 0.0000000000000
0.0000000000000 40.2906435713663 0.0000000000000
0.0000000000000 39.7147890634781 0.0000000000000
0.0000000000000 39.1373666837203 0.0000000000000
0.0000000000000 38.5583992277396 0.0000000000000
0.0000000000000 37.9779095521801 0.0000000000000
0.0000000000000 37.3959205737800 0.0000000000000
0.0000000000000 36.8124552684678 0.0000000000000
0.0000000000000 36.2275366704546 0.0000000000000
0.0000000000000 35.6411878713251 0.0000000000000
0.0000000000000 35.0534320191259 0.0000000000000
0.0000000000000 34.4642923174517 0.0000000000000
0.0000000000000 33.8737920245291 0.0000000000000
0.0000000000000 33.2819544522987 0.0000000000000
0.0000000000000 32.6888029654943 0.0000000000000
0.0000000000000 32.0943609807209 0.0000000000000
0.0000000000000 31.4986519655305 0.0000000000000
0.0000000000000 30.9016994374947 0.0000000000000
0.0000000000000 30.3035269632774 0.0000000000000
0.0000000000000 29.7041581577035 0.0000000000000
0.0000000000000 29.1036166828272 0.0000000000000
0.0000000000000 28.5019262469976 0.0000000000000
0.0000000000000 27.8991106039229 0.0000000000000
0.0000000000000 27.2951935517325 0.0000000000000
0.0000000000000 26.6901989320376 0.0000000000000
0.0000000000000 26.0841506289897 0.0000000000000
0.0000000000000 25.4770725683382 0.0000000000000
0.0000000000000 24.8689887164855 0.0000000000000
0.0000000000000 24.2599230795407 0.0000000000000
0.0000000000000 23.6498997023725 0.0000000000000
0.0000000000000 23.0389426676591 0.0000000000000
0.0000000000000 22.4270760949381 0.0000000000000
0.0000000000000 21.8143241396543 0.0000000000000
0.0000000000000 21.2007109922055 0.0000000000000
0.0000000000000 20.5862608769881 0.0000000000000
0.0000000000000 19.9709980514407 0.0000000000000
0.0000000000000 19.3549468050860 0.0000000000000
0.0000000000000 18.7381314585725 0.0000000000000
0.0000000000000 18.1205763627137 0.0000000000000
0.0000000000000 17.5023058975276 0.0000000000000
0.0000000000000 16.8833444712734 0.0000000000000
0.0000000000000 16.2637165194884 0.0000000000000
0.0000000000000 15.6434465040231 0.0000000000000
0.0000000000000 15.0225589120757 0.0000000000000
0.0000000000000 14.4010782552252 0.0000000000000
0.0000000000000 13.7790290684638 0.0000000000000
0.0000000000000 13.1564359092283 0.0000000000000
0.0000000000000 12.5333233564304 0.0000000000000
0.0000000000000 11.9097160094870 0.0000000000000
0.0000000000000 11.2856384873482 0.0000000000000
0.0000000000000 10.6611154275260 0.0000000000000
0.0000000000000 10.0361714851215 0.0000000000000
0.0000000000000 9.4108313318514 0.0000000000000
0.0000000000000 8.7851196550743 0.0000000000000
0.0000000000000 8.1590611568158 0.0000000000000
0.0000000000000 7.5326805527933 0.0000000000000
0.0000000000000 6.9060025714406 0.0000000000000
0.0000000000000 6.2790519529314 0.0000000000000
0.0000000000000 5.6518534482024 0.0000000000000
0.0000000000000 5.0244318179770 0.0000000000000
0.0000000000000 4.3968118317865 0.0000000000000
0.0000000000000 3.7690182669934 0.0000000000000
0.0000000000000 3.1410759078128 0.0000000000000
0.0000000000000 2.5130095443338 0.0000000000000
0.0000000000000 1.8848439715408 0.0000000000000
0.0000000000000 1.2566039883353 0.0000000000000
0.0000000000000 0.6283143965559 0.0000000000000
0.0000000000000 0.0000000000000 0.0000000000000
0.0000000000000 -0.6283143965559 0.0000000000000
0.0000000000000 -1.2566039883353 0.0000000000000
0.0000000000000 -1.8848439715408 0.0000000000000
0.0000000000000 -2.5130095443337 0.0000000000000
0.0000000000000 -3.1410759078128 0.0000000000000
0.0000000000000 -3.7690182669935 0.0000000000000
0.0000000000000 -4.3968118317865 0.0000000000000
0.0000000000000 -5.0244318179769 0.0000000000000
0.0000000000000 -5.6518534482025 0.0000000000000
0.0000000000000 -6.2790519529313 0.0000000000000
0.0000000000000 -6.9060025714406 0.0000000000000
0.0000000000000 -7.5326805527933 0.0000000000000
0.0000000000000 -8.1590611568158 0.0000000000000
0.0000000000000 -8.7851196550743 0.0000000000000
0.0000000000000 -9.4108313318514 0.0000000000000
0.0000000000000 -10.0361714851215 0.0000000000000
0.0000000000000 -10.6611154275260 0.0000000000000
0.0000000000000 -11.2856384873482 0.0000000000000
0.0000000000000 -11.9097160094870 0.0000000000000
0.0000000000000 -12.5333233564304 0.0000000000000
0.0000000000000 -13.1564359092282 0.0000000000000
0.0000000000000 -13.7790290684638 0.0000000000000
0.0000000000000 -14.4010782552252 0.0000000000000
0.0000000000000 -15.0225589120757 0.0000000000000
0.0000000000000 -15.6434465040231 0.0000000000000
0.0000000000000 -16.2637165194884 0.0000000000000
0.0000000000000 -16.8833444712734 0.0000000000000
0.0000000000000 -17.5023058975276 0.0000000000000
0.0000000000000 -18.1205763627137 0.0000000000000
0.0000000000000 -18.7381314585725 0.0000000000000
0.0000000000000 -19.3549468050860 0.0000000000000
0.0000000000000 -19.9709980514407 0.0000000000000
0.0000000000000 -20.5862608769881 0.0000000000000
0.0000000000000 -21.2007109922055 0.0000000000000
0.0000000000000 -21.8143241396543 0.0000000000000
0.0000000000000 -22.4270760949381 0.0000000000000
0.0000000000000 -23.0389426676591 0.0000000000000
0.0000000000000 -23.6498997023725 0.0000000000000
0.0000000000000 -24.2599230795407 0.0000000000000
0.0000000000000 -24.8689887164855 0.0000000000000
0.0000000000000 -25.4770725683382 0.0000000000000
0.0000000000000 -26.0841506289897 0.0000000000000
0.0000000000000 -26.6901989320375 0.0000000000000
0.0000000000000 -27.2951935517325 0.0000000000000
0.0000000000000 -27.8991106039229 0.0000000000000
0.0000000000000 -28.5019262469976 0.0000000000000
0.0000000000000 -29.1036166828272 0.0000000000000
0.0000000000000 -29.7041581577035 0.0000000000000
0.0000000000000 -30.3035269632774 0.0000000000000
0.0000000000000 -30.9016994374947 0.0000000000000
0.0000000000000 -31.4986519655305 0.0000000000000
0.0000000000000 -32.0943609807209 0.0000000000000
0.0000000000000 -32.6888029654942 0.0000000000000
0.0000000000000 -33.2819544522987 0.0000000000000
0.0000000000000 -33.8737920245291 0.0000000000000
0.0000000000000 -34.4642923174517 0.0000000000000
0.0000000000000 -35.0534320191259 0.0000000000000
0.0000000000000 -35.6411878713251 0.0000000000000
0.0000000000000 -36.2275366704546 0.0000000000000
0.0000000000000 -36.8124552684678 0.0000000000000
0.0000000000000 -37.3959205737800 0.0000000000000
0.0000000000000 -37.9779095521801 0.0000000000000
0.0000000000000 -38.5583992277396 0.0000000000000
0.0000000000000 -39.1373666837202 0.0000000000000
0.0000000000000 -39.7147890634781 0.0000000000000
0.0000000000000 -40.2906435713663 0.0000000000000
0.0000000000000 -40.8649074736349 0.0000000000000
0.0000000000000 -41.4375580993284 0.0000000000000
0.0000000000000 -42.0085728411806 0.0000000000000
0.0000000000000 -42.5779291565073 0.0000000000000
0.0000000000000 -43.1456045680959 0.0000000000000
0.0000000000000 -43.7115766650933 0.0000000000000
0.0000000000000 -44.2758231038901 0.0000000000000
0.0000000000000 -44.8383216090032 0.0000000000000
0.0000000000000 -45.3990499739547 0.0000000000000
0.0000000000000 -45.9579860621488 0.0000000000000
0.0000000000000 -46.5151078077458 0.0000000000000
0.0000000000000 -47.0703932165332 0.0000000000000
0.0000000000000 -47.6238203667939 0.0000000000000
0.0000000000000 -48.1753674101715 0.0000000000000
0.0000000000000 -48.7250125725332 0.0000000000000
0.0000000000000 -49.2727341548292 0.0000000000000
0.0000000000000 -49.8185105339491 0.0000000000000
0.0000000000000 -50.3623201635761 0.0000000000000
0.0000000000000 -50.9041415750371 0.0000000000000
0.0000000000000 -51.4439533781506 0.0000000000000
0.0000000000000 -51.9817342620709 0.0000000000000
0.0000000000000 -52.5174629961296 0.0000000000000
0.0000000000000 -53.0511184306734 0.0000000000000
0.0000000000000 -53.5826794978996 0.0000000000000
0.0000000000000 -54.1121252126876 0.0000000000000
0.0000000000000 -54.6394346734269 0.0000000000000
0.0000000000000 -55.1645870628430 0.0000000000000
0.0000000000000 -55.6875616488188 0.0000000000000
0.0000000000000 -56.2083377852131 0.0000000000000
0.0000000000000 -56.7268949126756 0.0000000000000
0.0000000000000 -57.2432125594591 0.0000000000000
0.0000000000000 -57.7572703422267 0.0000000000000
0.0000000000000 -58.2690479668576 0.0000000000000
0.0000000000000 -58.7785252292473 0.0000000000000
0.0000000000000 -59.2856820161059 0.0000000000000
0.0000000000000 -59.7904983057518 0.0000000000000
0.0000000000000 -60.2929541689025 0.0000000000000
0.0000000000000 -60.7930297694605 0.0000000000000
0.0000000000000 -61.2907053652976 0.0000000000000
0.0000000000000 -61.7859613090334 0.0000000000000
0.0000000000000 -62.2787780488112 0.0000000000000
0.0000000000000 -62.7691361290700 0.0000000000000
0.0000000000000 -63.2570161913124 0.0000000000000
0.0000000000000 -63.7423989748690 0.0000000000000
0.0000000000000 -64.2252653176584 0.0000000000000
0.0000000000000 -64.7055961569444 0.0000000000000
0.0000000000000 -65.1833725300879 0.0000000000000
0.0000000000000 -65.6585755752956 0.0000000000000
0.0000000000000 -66.1311865323652 0.0000000000000
0.0000000000000 -66.6011867434251 0.0000000000000
0.0000000000000 -67.0685576536720 0.0000000000000
0.0000000000000 -67.5332808121024 0.0000000000000
0.0000000000000 -67.9953378722419 0.0000000000000
0.0000000000000 -68.4547105928688 0.0000000000000
0.0000000000000 -68.9113808387348 0.0000000000000
0.0000000000000 -69.3653305812805 0.0000000000000
0.0000000000000 -69.8165418993473 0.0000000000000
0.0000000000000 -70.2649969798849 0.0000000000000
0.0000000000000 -70.7106781186547 0.0000000000000
0.0000000000000 -71.1535677209285 0.0000000000000
0.0000000000000 -71.5936483021831 0.0000000000000
0.0000000000000 -72.0309024887907 0.0000000000000
0.0000000000000 -72.4653130187046 0.0000000000000
0.0000000000000 -72.8968627421412 0.0000000000000
0.0000000000000 -73.3255346222560 0.0000000000000
0.0000000000000 -73.7513117358174 0.0000000000000
0.0000000000000 -74.1741772738739 0.0000000000000
0.0000000000000 -74.5941145424182 0.0000000000000
0.0000000000000 -75.0111069630460 0.0000000000000
0.0000000000000 -75.4251380736104 0.0000000000000
0.0000000000000 -75.8361915288722 0.0000000000000
0.0000000000000 -76.2442511011448 0.0000000000000
0.0000000000000 -76.6493006809350 0.0000000000000
0.0000000000000 -77.0513242775789 0.0000000000000
0.0000000000000 -77.4503060198734 0.0000000000000
0.0000000000000 -77.8462301567023 0.0000000000000
0.0000000000000 -78.2390810576588 0.0000000000000
0.0000000000000 -78.6288432136619 0.0000000000000
0.0000000000000 -79.0155012375690 0.0000000000000
0.0000000000000 -79.3990398647835 0.0000000000000
0.0000000000000 -79.7794439538571 0.0000000000000
0.0000000000000 -80.1566984870877 0.0000000000000
0.0000000000000 -80.5307885711122 0.0000000000000
0.0000000000000 -80.9016994374947 0.0000000000000
0.0000000000000 -81.2694164433094 0.0000000000000
0.0000000000000 -81.6339250717184 0.0000000000000
0.0000000000000 -81.9952109325452 0.0000000000000
0.0000000000000 -82.3532597628428 0.0000000000000
0.0000000000000 -82.7080574274562 0.0000000000000
0.0000000000000 -83.0595899195813 0.0000000000000
0.0000000000000 -83.4078433613171 0.0000000000000
0.0000000000000 -83.7528040042142 0.0000000000000
0.0000000000000 -84.0944582298169 0.0000000000000
0.0000000000000 -84.4327925502015 0.0000000000000
0.0000000000000 -84.7677936085083 0.0000000000000
0.0000000000000 -85.0994481794692 0.0000000000000
0.0000000000000 -85.4277431699295 0.0000000000000
0.0000000000000 -85.7526656193652 0.0000000000000
0.0000000000000 -86.0742027003944 0.0000000000000
0.0000000000000 -86.3923417192836 0.0000000000000
0.0000000000000 -86.7070701164490 0.0000000000000
0.0000000000000 -87.0183754669526 0.0000000000000
0.0000000000000 -87.3262454809920 0.0000000000000
0.0000000000000 -87.6306680043864 0.0000000000000
0.0000000000000 -87.9316310190556 0.0000000000000
0.0000000000000 -88.2291226434953 0.0000000000000
0.0000000000000 -88.5231311332455 0.0000000000000
0.0000000000000 -88.8136448813544 0.0000000000000
0.0000000000000 -89.1006524188368 0.0000000000000
0.0000000000000 -89.3841424151264 0.0000000000000
0.0000000000000 -89.6641036785236 0.0000000000000
0.0000000000000 -89.9405251566371 0.0000000000000
0.0000000000000 -90.2133959368203 0.0000000000000
0.0000000000000 -90.4827052466019 0.0000000000000
0.0000000000000 -90.7484424541117 0.0000000000000
0.0000000000000 -91.0105970684996 0.0000000000000
0.0000000000000 -91.2691587403503 0.0000000000000
0.0000000000000 -91.5241172620917 0.0000000000000
0.0000000000000 -91.7754625683981 0.0000000000000
0.0000000000000 -92.0231847365870 0.0000000000000
0.0000000000000 -92.2672739870115 0.0000000000000
0.0000000000000 -92.5077206834458 0.0000000000000
0.0000000000000 -92.7445153334661 0.0000000000000
0.0000000000000 -92.9776485888251 0.0000000000000
0.0000000000000 -93.2071112458211 0.0000000000000
0.0000000000000 -93.4328942456612 0.0000000000000
0.0000000000000 -93.6549886748192 0.0000000000000
0.0000000000000 -93.8733857653874 0.0000000000000
0.0000000000000 -94.0880768954225 0.0000000000000
0.0000000000000 -94.2990535892865 0.0000000000000
0.0000000000000 -94.5063075179805 0.0000000000000
0.0000000000000 -94.7098304994744 0.0000000000000
0.0000000000000 -94.9096144990295 0.0000000000000
0.0000000000000 -95.1056516295154 0.0000000000000
0.0000000000000 -95.2979341517219 0.0000000000000
0.0000000000000 -95.4864544746643 0.0000000000000
0.0000000000000 -95.6712051558831 0.0000000000000
0.0000000000000 -95.8521789017376 0.0000000000000
0.0000000000000 -96.0293685676943 0.0000000000000
0.0000000000000 -96.2027671586086 0.0000000000000
0.0000000000000 -96.3723678290010 0.0000000000000
0.0000000000000 -96.5381638833274 0.0000000000000
0.0000000000000 -96.7001487762435 0.0000000000000
0.0000000000000 -96.8583161128631 0.0000000000000
0.0000000000000 -97.0126596490106 0.0000000000000
0.0000000000000 -97.1631732914674 0.0000000000000
0.0000000000000 -97.3098510982126 0.0000000000000
0.0000000000000 -97.4526872786577 0.0000000000000
0.0000000000000 -97.5916761938747 0.0000000000000
0.0000000000000 -97.7268123568194 0.0000000000000
0.0000000000000 -97.8580904325472 0.0000000000000
0.0000000000000 -97.9855052384247 0.0000000000000
0.0000000000000 -98.1090517443334 0.0000000000000
0.0000000000000 -98.2287250728689 0.0000000000000
0.0000000000000 -98.3445204995330 0.0000000000000
0.0000000000000 -98.4564334529205 0.0000000000000
0.0000000000000 -98.5644595148998 0.0000000000000
0.0000000000000 -98.6685944207868 0.0000000000000
0.0000000000000 -98.7688340595138 0.0000000000000
0.0000000000000 -98.8651744737914 0.0000000000000
0.0000000000000 -98.9576118602651 0.0000000000000
0.0000000000000 -99.0461425696651 0.0000000000000
0.0000000000000 -99.1307631069507 0.0000000000000
0.0000000000000 -99.2114701314478 0.0000000000000
0.0000000000000 -99.2882604569814 0.0000000000000
0.0000000000000 -99.3611310520008 0.0000000000000
0.0000000000000 -99.4300790396999 0.0000000000000
0.0000000000000 -99.4951016981300 0.0000000000000
0.0000000000000 -99.5561964603080 0.0000000000000
0.0000000000000 -99.6133609143173 0.0000000000000
0.0000000000000 -99.6665928034030 0.0000000000000
0.0000000000000 -99.7158900260614 0.0000000000000
0.0000000000000 -99.7612506361225 0.0000000000000
0.0000000000000 -99.8026728428271 0.0000000000000
0.0000000000000 -99.8401550108975 0.0000000000000
0.0000000000000 -99.8736956606017 0.0000000000000
0.0000000000000 -99.9032934678125 0.0000000000000
0.0000000000000 -99.9289472640589 0.0000000000000
0.0000000000000 -99.9506560365732 0.0000000000000
0.0000000000000 -99.9684189283300 0.0000000000000
0.0000000000000 -99.9822352380809 0.0000000000000
0.0000000000000 -99.9921044203816 0.0000000000000
0.0000000000000 -99.9980260856137 0.0000000000000
0.0000000000000 -100.0000000000000 0.0000000000000
0.0000000000000 -99.9980260856137 0.0000000000000
0.0000000000000 -99.9921044203816 0.0000000000000
0.0000000000000 -99.9822352380809 0.0000000000000
0.0000000000000 -99.9684189283300 0.0000000000000
0.0000000000000 -99.9506560365732 0.0000000000000
0.0000000000000 -99.9289472640589 0.0000000000000
0.0000000000000 -99.9032934678125 0.0000000000000
0.0000000000000 -99.8736956606017 0.0000000000000
0.0000000000000 -99.8401550108975 0.0000000000000
0.0000000000000 -99.8026728428271 0.0000000000000
0.0000000000000 -99.7612506361225 0.0000000000000
0.0000000000000 -99.7158900260614 0.0000000000000
0.0000000000000 -99.6665928034030 0.0000000000000
0.0000000000000 -99.6133609143173 0.0000000000000
0.0000000000000 -99.5561964603080 0.0000000000000
0.0000000000000 -99.4951016981300 0.0000000000000
0.0000000000000 -99.4300790396999 0.0000000000000
0.0000000000000 -99.3611310520008 0.0000000000000
0.0000000000000 -99.2882604569814 0.0000000000000
0.0000000000000 -99.2114701314478 0.0000000000000
0.0000000000000 -99.1307631069507 0.0000000000000
0.0000000000000 -99.0461425696651 0.0000000000000
0.0000000000000 -98.9576118602651 0.0000000000000
0.0000000000000 -98.8651744737914 0.0000000000000
0.0000000000000 -98.7688340595138 0.0000000000000
0.0000000000000 -98.6685944207868 0.0000000000000
0.0000000000000 -98.5644595148998 0.0000000000000
0.0000000000000 -98.4564334529205 0.0000000000000
0.0000000000000 -98.3445204995330 0.0000000000000
0.0000000000000 -98.2287250728689 0.0000000000000
0.0000000000000 -98.1090517443334 0.0000000000000
0.0000000000000 -97.9855052384247 0.0000000000000
0.0000000000000 -97.8580904325472 0.0000000000000
0.0000000000000 -97.7268123568194 0.0000000000000
0.0000000000000 -97.5916761938747 0.0000000000000
0.0000000000000 -97.4526872786577 0.0000000000000
0.0000000000000 -97.3098510982126 0.0000000000000
0.0000000000000 -97.1631732914674 0.0000000000000
0.0000000000000 -97.0126596490106 0.0000000000000
0.0000000000000 -96.8583161128631 0.0000000000000
0.0000000000000 -96.7001487762435 0.0000000000000
0.0000000000000 -96.5381638833274 0.0000000000000
0.0000000000000 -96.3723678290010 0.0000000000000
0.0000000000000 -96.2027671586086 0.0000000000000
0.0000000000000 -96.0293685676943 0.0000000000000
0.0000000000000 -95.8521789017376 0.0000000000000
0.0000000000000 -95.6712051558831 0.0000000000000
0.0000000000000 -95.4864544746643 0.0000000000000
0.0000000000000 -95.2979341517219 0.0000000000000
0.0000000000000 -95.1056516295154 0.0000000000000
0.0000000000000 -94.9096144990295 0.0000000000000
0.0000000000000 -94.7098304994744 0.0000000000000
0.0000000000000 -94.5063075179805 0.0000000000000
0.0000000000000 -94.2990535892864 0.0000000000000
0.0000000000000 -94.0880768954225 0.0000000000000
0.0000000000000 -93.8733857653874 0.0000000000000
0.0000000000000 -93.6549886748192 0.0000000000000
0.0000000000000 -93.4328942456612 0.0000000000000
0.0000000000000 -93.2071112458211 0.0000000000000
0.0000000000000 -92.9776485888251 0.0000000000000
0.0000000000000 -92.7445153334661 0.0000000000000
0.0000000000000 -92.5077206834458 0.0000000000000
0.0000000000000 -92.2672739870115 0.0000000000000
0.0000000000000 -92.0231847365870 0.0000000000000
0.0000000000000 -91.7754625683981 0.0000000000000
0.0000000000000 -91.5241172620917 0.0000000000000
0.0000000000000 -91.2691587403503 0.0000000000000
0.0000000000000 -91.0105970684996 0.0000000000000
0.0000000000000 -90.7484424541117 0.0000000000000
0.0000000000000 -90.4827052466020 0.0000000000000
0.0000000000000 -90.2133959368203 0.0000000000000
0.0000000000000 -89.9405251566371 0.0000000000000
0.0000000000000 -89.6641036785236 0.0000000000000
0.0000000000000 -89.3841424151264 0.0000000000000
0.0000000000000 -89.1006524188368 0.0000000000000
0.0000000000000 -88.8136448813545 0.0000000000000
0.0000000000000 -88.5231311332455 0.0000000000000
0.0000000000000 -88.2291226434953 0.0000000000000
0.0000000000000 -87.9316310190556 0.0000000000000
0.0000000000000 -87.6306680043864 0.0000000000000
0.0000000000000 -87.3262454809920 0.0000000000000
0.0000000000000 -87.0183754669526 0.0000000000000
0.0000000000000 -86.7070701164490 0.0000000000000
0.0000000000000 -86.3923417192835 0.0000000000000
0.0000000000000 -86.0742027003944 0.0000000000000
0.0000000000000 -85.7526656193653 0.0000000000000
0.0000000000000 -85.4277431699295 0.0000000000000
0.0000000000000 -85.0994481794692 0.0000000000000
0.0000000000000 -84.7677936085083 0.0000000000000
0.0000000000000 -84.4327925502015 0.0000000000000
0.0000000000000 -84.0944582298169 0.0000000000000
0.0000000000000 -83.7528040042142 0.0000000000000
0.0000000000000 -83.4078433613171 0.0000000000000
0.0000000000000 -83.0595899195813 0.0000000000000
0.0000000000000 -82.7080574274562 0.0000000000000
0.0000000000000 -82.3532597628427 0.0000000000000
0.0000000000000 -81.9952109325452 0.0000000000000
0.0000000000000 -81.6339250717184 0.0000000000000
0.0000000000000 -81.2694164433094 0.0000000000000
0.0000000000000 -80.9016994374947 0.0000000000000
0.0000000000000 -80.5307885711122 0.0000000000000
0.0000000000000 -80.1566984870877 0.0000000000000
0.0000000000000 -79.7794439538571 0.0000000000000
0.0000000000000 -79.3990398647836 0.0000000000000
0.0000000000000 -79.0155012375690 0.0000000000000
0.0000000000000 -78.6288432136619 0.0000000000000
0.0000000000000 -78.2390810576588 0.0000000000000
0.0000000000000 -77.8462301567024 0.0000000000000
0.0000000000000 -77.4503060198734 0.0000000000000
0.0000000000000 -77.0513242775789 0.0000000000000
0.0000000000000 -76.6493006809350 0.0000000000000
0.0000000000000 -76.2442511011448 0.0000000000000
0.0000000000000 -75.8361915288722 0.0000000000000
0.0000000000000 -75.4251380736104 0.0000000000000
0.0000000000000 -75.0111069630460 0.0000000000000
0.0000000000000 -74.5941145424182 0.0000000000000
0.0000000000000 -74.1741772738739 0.0000000000000
0.0000000000000 -73.7513117358174 0.0000000000000
0.0000000000000 -73.3255346222560 0.0000000000000
0.0000000000000 -72.8968627421412 0.0000000000000
0.0000000000000 -72.4653130187047 0.0000000000000
0.0000000000000 -72.0309024887907 0.0000000000000
0.0000000000000 -71.5936483021831 0.0000000000000
0.0000000000000 -71.1535677209285 0.0000000000000
0.0000000000000 -70.7106781186548 0.0000000000000
0.0000000000000 -70.2649969798849 0.0000000000000
0.0000000000000 -69.8165418993473 0.0000000000000
0.0000000000000 -69.3653305812805 0.0000000000000
0.0000000000000 -68.9113808387348 0.0000000000000
0.0000000000000 -68.4547105928689 0.0000000000000
0.0000000000000 -67.9953378722419 0.0000000000000
0.0000000000000 -67.5332808121024 0.0000000000000
0.0000000000000 -67.0685576536720 0.0000000000000
0.0000000000000 -66.6011867434252 0.0000000000000
0.0000000000000 -66.1311865323652 0.0000000000000
0.0000000000000 -65.6585755752957 0.0000000000000
0.0000000000000 -65.1833725300879 0.0000000000000
0.0000000000000 -64.7055961569444 0.0000000000000
0.0000000000000 -64.2252653176585 0.0000000000000
0.0000000000000 -63.7423989748690 0.0000000000000
0.0000000000000 -63.2570161913125 0.0000000000000
0.0000000000000 -62.7691361290701 0.0000000000000
0.0000000000000 -62.2787780488113 0.0000000000000
0.0000000000000 -61.7859613090335 0.0000000000000
0.0000000000000 -61.2907053652976 0.0000000000000
0.0000000000000 -60.7930297694606 0.0000000000000
0.0000000000000 -60.2929541689025 0.0000000000000
0.0000000000000 -59.7904983057519 0.0000000000000
0.0000000000000 -59.2856820161059 0.0000000000000
0.0000000000000 -58.7785252292473 0.0000000000000
0.0000000000000 -58.2690479668577 0.0000000000000
0.0000000000000 -57.7572703422268 0.0000000000000
0.0000000000000 -57.2432125594591 0.0000000000000
0.0000000000000 -56.7268949126757 0.0000000000000
0.0000000000000 -56.2083377852131 0.0000000000000
0.0000000000000 -55.6875616488189 0.0000000000000
0.0000000000000 -55.1645870628431 0.0000000000000
0.0000000000000 -54.6394346734269 0.0000000000000
0.0000000000000 -54.1121252126876 0.0000000000000
0.0000000000000 -53.5826794978997 0.0000000000000
0.0000000000000 -53.0511184306734 0.0000000000000
0.0000000000000 -52.5174629961296 0.0000000000000
0.0000000000000 -51.9817342620710 0.0000000000000
0.0000000000000 -51.4439533781506 0.0000000000000
0.0000000000000 -50.9041415750371 0.0000000000000
0.0000000000000 -50.3623201635761 0.0000000000000
0.0000000000000 -49.8185105339491 0.0000000000000
0.0000000000000 -49.2727341548292 0.0000000000000
0.0000000000000 -48.7250125725333 0.0000000000000
0.0000000000000 -48.1753674101715 0.0000000000000
0.0000000000000 -47.6238203667939 0.0000000000000
0.0000000000000 -47.0703932165332 0.0000000000000
0.0000000000000 -46.5151078077459 0.0000000000000
0.0000000000000 -45.9579860621488 0.0000000000000
0.0000000000000 -45.3990499739547 0.0000000000000
0.0000000000000 -44.8383216090032 0.0000000000000
0.0000000000000 -44.2758231038902 0.0000000000000
0.0000000000000 -43.7115766650933 0.0000000000000
0.0000000000000 -43.1456045680959 0.0000000000000
0.0000000000000 -42.5779291565073 0.0000000000000
0.0000000000000 -42.0085728411807 0.0000000000000
0.0000000000000 -41.4375580993284 0.0000000000000
0.0000000000000 -40.8649074736349 0.0000000000000
0.0000000000000 -40.2906435713663 0.0000000000000
0.0000000000000 -39.7147890634781 0.0000000000000
0.0000000000000 -39.1373666837202 0.0000000000000
0.0000000000000 -38.5583992277397 0.0000000000000
0.0000000000000 -37.9779095521801 0.0000000000000
0.0000000000000 -37.3959205737801 0.0000000000000
0.0000000000000 -36.8124552684678 0.0000000000000
0.0000000000000 -36.2275366704546 0.0000000000000
0.0000000000000 -35.6411878713251 0.0000000000000
0.0000000000000 -35.0534320191260 0.0000000000000
0.0000000000000 -34.4642923174517 0.0000000000000
0.0000000000000 -33.8737920245291 0.0000000000000
0.0000000000000 -33.2819544522987 0.0000000000000
0.0000000000000 -32.6888029654942 0.0000000000000
0.0000000000000 -32.0943609807210 0.0000000000000
0.0000000000000 -31.4986519655305 0.0000000000000
0.0000000000000 -30.9016994374948 0.0000000000000
0.0000000000000 -30.3035269632774 0.0000000000000
0.0000000000000 -29.7041581577035 0.0000000000000
0.0000000000000 -29.1036166828272 0.0000000000000
0.0000000000000 -28.5019262469977 0.0000000000000
0.0000000000000 -27.8991106039230 0.0000000000000
0.0000000000000 -27.2951935517325 0.0000000000000
0.0000000000000 -26.6901989320376 0.0000000000000
0.0000000000000 -26.0841506289897 0.0000000000000
0.0000000000000 -25.4770725683382 0.0000000000000
0.0000000000000 -24.8689887164855 0.0000000000000
0.0000000000000 -24.2599230795408 0.0000000000000
0.0000000000000 -23.6498997023724 0.0000000000000
0.0000000000000 -23.0389426676591 0.0000000000000
0.0000000000000 -22.4270760949382 0.0000000000000
0.0000000000000 -21.8143241396542 0.0000000000000
0.0000000000000 -21.2007109922055 0.0000000000000
0.0000000000000 -20.5862608769882 0.0000000000000
0.0000000000000 -19.9709980514407 0.0000000000000
0.0000000000000 -19.3549468050860 0.0000000000000
0.0000000000000 -18.7381314585725 0.0000000000000
0.0000000000000 -18.1205763627138 0.0000000000000
0.0000000000000 -17.5023058975277 0.0000000000000
0.0000000000000 -16.8833444712734 0.0000000000000
0.0000000000000 -16.2637165194883 0.0000000000000
0.0000000000000 -15.6434465040231 0.0000000000000
0.0000000000000 -15.0225589120757 0.0000000000000
0.0000000000000 -14.4010782552252 0.0000000000000
0.0000000000000 -13.7790290684639 0.0000000000000
0.0000000000000 -13.1564359092283 0.0000000000000
0.0000000000000 -12.5333233564304 0.0000000000000
0.0000000000000 -11.9097160094870 0.0000000000000
0.0000000000000 -11.2856384873482 0.0000000000000
0.0000000000000 -10.6611154275261 0.0000000000000
0.0000000000000 -10.0361714851215 0.0000000000000
0.0000000000000 -9.4108313318515 0.0000000000000
0.0000000000000 -8.7851196550743 0.0000000000000
0.0000000000000 -8.1590611568157 0.0000000000000
0.0000000000000 -7.5326805527933 0.0000000000000
0.0000000000000 -6.9060025714406 0.0000000000000
0.0000000000000 -6.2790519529314 0.0000000000000
0.0000000000000 -5.6518534482025 0.0000000000000
0.0000000000000 -5.0244318179769 0.0000000000000
0.0000000000000 -4.3968118317865 0.0000000000000
0.0000000000000 -3.7690182669935 0.0000000000000
0.0000000000000 -3.1410759078128 0.0000000000000
0.0000000000000 -2.5130095443338 0.0000000000000
0.0000000000000 -1.8848439715409 0.0000000000000
0.0000000000000 -1.2566039883352 0.0000000000000
0.0000000000000 -0.6283143965559 0.0000000000000
0.0000000000000 -0.0000000000000 0.0000000000000
0.0000000000000 0.6283143965558 0.0000000000000
0.0000000000000 1.2566039883353 0.0000000000000
0.0000000000000 1.8848439715408 0.0000000000000
0.0000000000000 2.5130095443338 0.0000000000000
0.0000000000000 3.1410759078128 0.0000000000000
0.0000000000000 3.7690182669935 0.0000000000000
0.0000000000000 4.3968118317865 0.0000000000000
0.0000000000000 5.0244318179769 0.0000000000000
0.0000000000000 5.6518534482024 0.0000000000000
0.0000000000000 6.2790519529314 0.0000000000000
0.0000000000000 6.9060025714406 0.0000000000000
0.0000000000000 7.5326805527932 0.0000000000000
0.0000000000000 8.1590611568158 0.0000000000000
0.0000000000000 8.7851196550743 0.0000000000000
0.0000000000000 9.4108313318514 0.0000000000000
0.0000000000000 10.0361714851215 0.0000000000000
0.0000000000000 10.6611154275260 0.0000000000000
0.0000000000000 11.2856384873482 0.0000000000000
0.0000000000000 11.9097160094869 0.0000000000000
0.0000000000000 12.5333233564304 0.0000000000000
0.0000000000000 13.1564359092282 0.0000000000000
0.0000000000000 13.7790290684638 0.0000000000000
0.0000000000000 14.4010782552252 0.0000000000000
0.0000000000000 15.0225589120757 0.0000000000000
0.0000000000000 15.6434465040231 0.0000000000000
0.0000000000000 16.2637165194883 0.0000000000000
0.0000000000000 16.8833444712733 0.0000000000000
0.0000000000000 17.5023058975276 0.0000000000000
0.0000000000000 18.1205763627137 0.0000000000000
0.0000000000000 18.7381314585724 0.0000000000000
0.0000000000000 19.3549468050860 0.0000000000000
0.0000000000000 19.9709980514407 0.0000000000000
0.0000000000000 20.5862608769881 0.0000000000000
0.0000000000000 21.2007109922054 0.0000000000000
0.0000000000000 21.8143241396543 0.0000000000000
0.0000000000000 22.4270760949381 0.0000000000000
0.0000000000000 23.0389426676590 0.0000000000000
0.0000000000000 23.6498997023724 0.0000000000000
0.0000000000000 24.2599230795407 0.0000000000000
0.0000000000000 24.8689887164855 0.0000000000000
0.0000000000000 25.4770725683382 0.0000000000000
0.0000000000000 26.0841506289897 0.0000000000000
0.0000000000000 26.6901989320375 0.0000000000000
0.0000000000000 27.2951935517325 0.0000000000000
0.0000000000000 27.8991106039228 0.0000000000000
0.0000000000000 28.5019262469977 0.0000000000000
0.0000000000000 29.1036166828272 0.0000000000000
0.0000000000000 29.7041581577035 0.0000000000000
0.0000000000000 30.3035269632773 0.0000000000000
0.0000000000000 30.9016994374947 0.0000000000000
0.0000000000000 31.4986519655304 0.0000000000000
0.0000000000000 32.0943609807209 0.0000000000000
0.0000000000000 32.6888029654943 0.0000000000000
0.0000000000000 33.2819544522987 0.0000000000000
0.0000000000000 33.8737920245291 0.0000000000000
0.0000000000000 34.4642923174516 0.0000000000000
0.0000000000000 35.0534320191259 0.0000000000000
0.0000000000000 35.6411878713251 0.0000000000000
0.0000000000000 36.2275366704546 0.0000000000000
0.0000000000000 36.8124552684677 0.0000000000000
0.0000000000000 37.3959205737800 0.0000000000000
0.0000000000000 37.9779095521801 0.0000000000000
0.0000000000000 38.5583992277396 0.0000000000000
0.0000000000000 39.1373666837203 0.0000000000000
0.0000000000000 39.7147890634781 0.0000000000000
0.0000000000000 40.2906435713662 0.0000000000000
0.0000000000000 40.8649074736349 0.0000000000000
0.0000000000000 41.4375580993284 0.0000000000000
0.0000000000000 42.0085728411806 0.0000000000000
0.0000000000000 42.5779291565073 0.0000000000000
0.0000000000000 43.1456045680959 0.0000000000000
0.0000000000000 43.7115766650933 0.0000000000000
0.0000000000000 44.2758231038901 0.0000000000000
0.0000000000000 44.8383216090032 0.0000000000000
0.0000000000000 45.3990499739547 0.0000000000000
0.0000000000000 45.9579860621488 0.0000000000000
0.0000000000000 46.5151078077458 0.0000000000000
0.0000000000000 47.0703932165332 0.0000000000000
0.0000000000000 47.6238203667939 0.0000000000000
0.0000000000000 48.1753674101715 0.0000000000000
0.0000000000000 48.7250125725332 0.0000000000000
0.0000000000000 49.2727341548292 0.0000000000000
0.0000000000000 49.8185105339491 0.0000000000000
0.0000000000000 50.3623201635761 0.0000000000000
0.0000000000000 50.9041415750371 0.0000000000000
0.0000000000000 51.4439533781506 0.0000000000000
0.0000000000000 51.9817342620709 0.0000000000000
0.0000000000000 52.5174629961296 0.0000000000000
0.0000000000000 53.0511184306734 0.0000000000000
0.0000000000000 53.5826794978997 0.0000000000000
0.0000000000000 54.1121252126876 0.0000000000000
0.0000000000000 54.6394346734269 0.0000000000000
0.0000000000000 55.1645870628430 0.0000000000000
0.0000000000000 55.6875616488188 0.0000000000000
0.0000000000000 56.2083377852131 0.0000000000000
0.0000000000000 56.7268949126756 0.0000000000000
0.0000000000000 57.2432125594591 0.0000000000000
0.0000000000000 57.7572703422267 0.0000000000000
0.0000000000000 58.2690479668575 0.0000000000000
0.0000000000000 58.7785252292473 0.0000000000000
0.0000000000000 59.2856820161059 0.0000000000000
0.0000000000000 59.7904983057519 0.0000000000000
0.0000000000000 60.2929541689024 0.0000000000000
0.0000000000000 60.7930297694605 0.0000000000000
0.0000000000000 61.2907053652976 0.0000000000000
0.0000000000000 61.7859613090334 0.0000000000000
0.0000000000000 62.2787780488112 0.0000000000000
0.0000000000000 62.7691361290701 0.0000000000000
0.0000000000000 63.2570161913124 0.0000000000000
0.0000000000000 63.7423989748689 0.0000000000000
0.0000000000000 64.2252653176584 0.0000000000000
0.0000000000000 64.7055961569445 0.0000000000000
0.0000000000000 65.1833725300879 0.0000000000000
0.0000000000000 65.6585755752956 0.0000000000000
0.0000000000000 66.1311865323652 0.0000000000000
0.0000000000000 66.6011867434251 0.0000000000000
0.0000000000000 67.0685576536720 0.0000000000000
0.0000000000000 67.5332808121024 0.0000000000000
0.0000000000000 67.9953378722419 0.0000000000000
0.0000000000000 68.4547105928689 0.0000000000000
0.0000000000000 68.9113808387348 0.0000000000000
0.0000000000000 69.3653305812804 0.0000000000000
0.0000000000000 69.8165418993472 0.0000000000000
0.0000000000000 70.2649969798849 0.0000000000000
0.0000000000000 70.7106781186547 0.0000000000000
0.0000000000000 71.1535677209285 0.0000000000000
0.0000000000000 71.5936483021831 0.0000000000000
0.0000000000000 72.0309024887907 0.0000000000000
0.0000000000000 72.4653130187046 0.0000000000000
0.0000000000000 72.8968627421412 0.0000000000000
0.0000000000000 73.3255346222560 0.0000000000000
0.0000000000000 73.7513117358174 0.0000000000000
0.0000000000000 74.1741772738739 0.0000000000000
0.0000000000000 74.5941145424182 0.0000000000000
0.0000000000000 75.0111069630459 0.0000000000000
0.0000000000000 75.4251380736104 0.0000000000000
0.0000000000000 75.8361915288722 0.0000000000000
0.0000000000000 76.2442511011448 0.0000000000000
0.0000000000000 76.6493006809350 0.0000000000000
0.0000000000000 77.0513242775789 0.0000000000000
0.0000000000000 77.4503060198734 0.0000000000000
0.0000000000000 77.8462301567024 0.0000000000000
0.0000000000000 78.2390810576588 0.0000000000000
0.0000000000000 78.6288432136619 0.0000000000000
0.0000000000000 79.0155012375690 0.0000000000000
0.0000000000000 79.3990398647835 0.0000000000000
0.0000000000000 79.7794439538571 0.0000000000000
0.0000000000000 80.1566984870877 0.0000000000000
0.0000000000000 80.5307885711122 0.0000000000000
0.0000000000000 80.9016994374947 0.0000000000000
0.0000000000000 81.2694164433094 0.0000000000000
0.0000000000000 81.6339250717184 0.0000000000000
0.0000000000000 81.9952109325452 0.0000000000000
0.0000000000000 82.3532597628427 0.0000000000000
0.0000000000000 82.7080574274562 0.0000000000000
0.0000000000000 83.0595899195813 0.0000000000000
0.0000000000000 83.4078433613171 0.0000000000000
0.0000000000000 83.7528040042141 0.0000000000000
0.0000000000000 84.0944582298169 0.0000000000000
0.0000000000000 84.4327925502015 0.0000000000000
0.0000000000000 84.7677936085083 0.0000000000000
0.0000000000000 85.0994481794692 0.0000000000000
0.0000000000000 85.4277431699295 0.0000000000000
0.0000000000000 85.7526656193652 0.0000000000000
0.0000000000000 86.0742027003943 0.0000000000000
0.0000000000000 86.3923417192835 0.0000000000000
0.0000000000000 86.7070701164490 0.0000000000000
0.0000000000000 87.0183754669526 0.0000000000000
0.0000000000000 87.3262454809920 0.0000000000000
0.0000000000000 87.6306680043864 0.0000000000000
0.0000000000000 87.9316310190556 0.0000000000000
0.0000000000000 88.2291226434953 0.0000000000000
0.0000000000000 88.5231311332455 0.0000000000000
0.0000000000000 88.8136448813545 0.0000000000000
0.0000000000000 89.1006524188368 0.0000000000000
0.0000000000000 89.3841424151263 0.0000000000000
0.0000000000000 89.6641036785235 0.0000000000000
0.0000000000000 89.9405251566371 0.0000000000000
0.0000000000000 90.2133959368203 0.0000000000000
0.0000000000000 90.4827052466019 0.0000000000000
0.0000000000000 90.7484424541117 0.0000000000000
0.0000000000000 91.0105970684995 0.0000000000000
0.0000000000000 91.2691587403502 0.0000000000000
0.0000000000000 91.5241172620917 0.0000000000000
0.0000000000000 91.7754625683981 0.0000000000000
0.0000000000000 92.0231847365870 0.0000000000000
0.0000000000000 92.2672739870115 0.0000000000000
0.0000000000000 92.5077206834458 0.0000000000000
0.0000000000000 92.7445153334661 0.0000000000000
0.0000000000000 92.9776485888251 0.0000000000000
0.0000000000000 93.2071112458211 0.0000000000000
0.0000000000000 93.4328942456612 0.0000000000000
0.0000000000000 93.6549886748192 0.0000000000000
0.0000000000000 93.8733857653874 0.0000000000000
0.0000000000000 94.0880768954225 0.0000000000000
0.0000000000000 94.2990535892865 0.0000000000000
0.0000000000000 94.5063075179805 0.0000000000000
0.0000000000000 94.7098304994744 0.0000000000000
0.0000000000000 94.9096144990294 0.0000000000000
0.0000000000000 95.1056516295154 0.0000000000000
0.0000000000000 95.2979341517219 0.0000000000000
0.0000000000000 95.4864544746643 0.0000000000000
0.0000000000000 95.6712051558831 0.0000000000000
0.0000000000000 95.8521789017376 0.0000000000000
0.0000000000000 96.0293685676943 0.0000000000000
0.0000000000000 96.2027671586086 0.0000000000000
0.0000000000000 96.3723678290010 0.0000000000000
0.0000000000000 96.5381638833274 0.0000000000000
0.0000000000000 96.7001487762435 0.0000000000000
0.0000000000000 96.8583161128631 0.0000000000000
0.0000000000000 97.0126596490106 0.0000000000000
0.0000000000000 97.1631732914674 0.0000000000000
0.0000000000000 97.3098510982126 0.0000000000000
0.0000000000000 97.4526872786577 0.0000000000000
0.0000000000000 97.5916761938747 0.0000000000000
0.0000000000000 97.7268123568193 0.0000000000000
0.0000000000000 97.8580904325472 0.0000000000000
0.0000000000000 97.9855052384247 0.0000000000000
0.0000000000000 98.1090517443334 0.0000000000000
0.0000000000000 98.2287250728689 0.0000000000000
0.0000000000000 98.3445204995330 0.0000000000000
0.0000000000000 98.4564334529205 0.0000000000000
0.0000000000000 98.5644595148998 0.0000000000000
0.0000000000000 98.6685944207868 0.0000000000000
0.0000000000000 98.7688340595138 0.0000000000000
0.0000000000000 98.8651744737914 0.0000000000000
0.0000000000000 98.9576118602651 0.0000000000000
0.0000000000000 99.0461425696651 0.0000000000000
0.0000000000000 99.1307631069507 0.0000000000000
0.0000000000000 99.2114701314478 0.0000000000000
0.0000000000000 99.2882604569814 0.0000000000000
0.0000000000000 99.3611310520009 0.0000000000000
0.0000000000000 99.4300790396999 0.0000000000000
0.0000000000000 99.4951016981300 0.0000000000000
0.0000000000000 99.5561964603080 0.0000000000000
0.0000000000000 99.6133609143173 0.0000000000000
0.0000000000000 99.6665928034030 0.0000000000000
0.0000000000000 99.7158900260614 0.0000000000000
0.0000000000000 99.7612506361225 0.0000000000000
0.0000000000000 99.8026728428271 0.0000000000000
0.0000000000000 99.8401550108975 0.0000000000000
0.0000000000000 99.8736956606017 0.0000000000000
0.0000000000000 99.9032934678125 0.0000000000000
0.0000000000000 99.9289472640589 0.0000000000000
0.0000000000000 99.9506560365732 0.0000000000000
0.0000000000000 99.9684189283300 0.0000000000000
0.0000000000000 99.9822352380809 0.0000000000000
0.0000000000000 99.9921044203816 0.0000000000000
0.0000000000000 99.9980260856137 0.0000000000000
0.0000000000000 0.0000000000000 -100.0000000000000
3000
0 1
0 2
0 3
0 4
0 5
0 6
0 7
0 8
0 9
0 10
0 11
0 12
0 13
0 14
0 15
0 16
0 17
0 18
0 19
0 20
0 21
0 22
0 23
0 24
0 25
0 26
0 27
0 28
0 29
0 30
0 31
0 32
0 33
0 34
0 35
0 36
0 37
0 38
0 39
0 40
0 41
0 42
0 43
0 44
0 45
0 46
0 47
0 48
0 49
0 50
0 51
0 52
0 53
0 54
0 55
0 56
0 57
0 58
0 59
0 60
0 61
0 62
0 63
0 64
0 65
0 66
0 67
0 68
0 69
0 70
0 71
0 72
0 73
0 74
0 75
0 76
0 77
0 78
0 79
0 80
0 81
0 82
0 83
0 84
0 85
0 86
0 87
0 88
0 89
0 90
0 91
0 92
0 93
0 94
0 95
0 96
0 97
0 98
0 99
0 100
0 101
0 102
0 103
0 104
0 105
0 106
0 107
0 108
0 109
0 110
0 111
0 112
0 113
0 114
0 115
0 116
0 117
0 118
0 119
0 120
0 121
0 122
0 123
0 124
0 125
0 126
0 127
0 128
0 129
0 130
0 131
0 132
0 133
0 134
0 135
0 136
0 137
0 138
0 139
0 140
0 141
0 142
0 143
0 144
0 145
0 146
0 147
0 148
0 149
0 150
0 151
0 152
0 153
0 154
0 155
0 156
0 157
0 158
0 159
0 160
0 161
0 162
0 163
0 164
0 165
0 166
0 167
0 168
0 169
0 170
0 171
0 172
0 173
0 174
0 175
0 176
0 177
0 178
0 179
0 180
0 181
0 182
0 183
0 184
0 185
0 186
0 187
0 188
0 189
0 190
0 191
0 192
0 193
0 194
0 195
0 196
0 197
0 198
0 199
0 200
0 201
0 202
0 203
0 204
0 205
0 206
0 207
0 208
0 209
0 210
0 211
0 212
0 213
0 214
0 215
0 216
0 217
0 218
0 219
0 220
0 221
0 222
0 223
0 224
0 225
0 226
0 227
0 228
0 229
0 230
0 231
0 232
0 233
0 234
0 235
0 236
0 237
0 238
0 239
0 240
0 241
0 242
0 243
0 244
0 245
0 246
0 247
0 248
0 249
0 250
0 251
0 252
0 253
0 254
0 255
0 256
0 257
0 258
0 259
0 260
0 261
0 262
0 263
0 264
0 265
0 266
0 267
0 268
0 269
0 270
0 271
0 272
0 273
0 274
0 275
0 276
0 277
0 278
0 279
0 280
0 281
0 282
0 283
0 284
0 285
0 286
0 287
0 288
0 289
0 290
0 291
0 292
0 293
0 294
0 295
0 296
0 297
0 298
0 299
0 300
0 301
0 302
0 303
0 304
0 305
0 306
0 307
0 308
0 309
0 310
0 311
0 312
0 313
0 314
0 315
0 316
0 317
0 318
0 319
0 320
0 321
0 322
0 323
0 324
0 325
0 326
0 327
0 328
0 329
0 330
0 331
0 332
0 333
0 334
0 335
0 336
0 337
0 338
0 339
0 340
0 341
0 342
0 343
0 344
0 345
0 346
0 347
0 348
0 349
0 350
0 351
0 352
0 353
0 354
0 355
0 356
0 357
0 358
0 359
0 360
0 361
0 362
0 363
0 364
0 365
0 366
0 367
0 368
0 369
0 370
0 371
0 372
0 373
0 374
0 375
0 376
0 377
0 378
0 379
0 380
0 381
0 382
0 383
0 384
0 385
0 386
0 387
0 388
0 389
0 390
0 391
0 392
0 393
0 394
0 395
0 396
0 397
0 398
0 399
0 400
0 401
0 402
0 403
0 404
0 405
0 406
0 407
0 408
0 409
0 410
0 411
0 412
0 413
0 414
0 415
0 416
0 417
0 418
0 419
0 420
0 421
0 422
0 423
0 424
0 425
0 426
0 427
0 428
0 429
0 430
0 431
0 432
0 433
0 434
0 435
0 436
0 437
0 438
0 439
0 440
0 441
0 442
0 443
0 444
0 445
0 446
0 447
0 448
0 449
0 450
0 451
0 452
0 453
0 454
0 455
0 456
0 457
0 458
0 459
0 460
0 461
0 462
0 463
0 464
0 465
0 466
0 467
0 468
0 469
0 470
0 471
0 472
0 473
0 474
0 475
0 476
0 477
0 478
0 479
0 480
0 481
0 482
0 483
0 484
0 485
0 486
0 487
0 488
0 489
0 490
0 491
0 492
0 493
0 494
0 495
0 496
0 497
0 498
0 499
0 500
0 501
0 502
0 503
0 504
0 505
0 506
0 507
0 508
0 509
0 510
0 511
0 512
0 513
0 514
0 515
0 516
0 517
0 518
0 519
0 520
0 521
0 522
0 523
0 524
0 525
0 526
0 527
0 528
0 529
0 530
0 531
0 532
0 533
0 534
0 535
0 536
0 537
0 538
0 539
0 540
0 541
0 542
0 543
0 544
0 545
0 546
0 547
0 548
0 549
0 550
0 551
0 552
0 553
0 554
0 555
0 556
0 557
0 558
0 559
0 560
0 561
0 562
0 563
0 564
0 565
0 566
0 567
0 568
0 569
0 570
0 571
0 572
0 573
0 574
0 575
0 576
0 577
0 578
0 579
0 580
0 581
0 582
0 583
0 584
0 585
0 586
0 587
0 588
0 589
0 590
0 591
0 592
0 593
0 594
0 595
0 596
0 597
0 598
0 599
0 600
0 601
0 602
0 603
0 604
0 605
0 606
0 607
0 608
0 609
0 610
0 611
0 612
0 613
0 614
0 615
0 616
0 617
0 618
0 619
0 620
0 621
0 622
0 623
0 624
0 625
0 626
0 627
0 628
0 629
0 630
0 631
0 632
0 633
0 634
0 635
0 636
0 637
0 638
0 639
0 640
0 641
0 642
0 643
0 644
0 645
0 646
0 647
0 648
0 649
0 650
0 651
0 652
0 653
0 654
0 655
0 656
0 657
0 658
0 659
0 660
0 661
0 662
0 663
0 664
0 665
0 666
0 667
0 668
0 669
0 670
0 671
0 672
0 673
0 674
0 675
0 676
0 677
0 678
0 679
0 680
0 681
0 682
0 683
0 684
0 685
0 686
0 687
0 688
0 689
0 690
0 691
0 692
0 693
0 694
0 695
0 696
0 697
0 698
0 699
0 700
0 701
0 702
0 703
0 704
0 705
0 706
0 707
0 708
0 709
0 710
0 711
0 712
0 713
0 714
0 715
0 716
0 717
0 718
0 719
0 720
0 721
0 722
0 723
0 724
0 725
0 726
0 727
0 728
0 729
0 730
0 731
0 732
0 733
0 734
0 735
0 736
0 737
0 738
0 739
0 740
0 741
0 742
0 743
0 744
0 745
0 746
0 747
0 748
0 749
0 750
0 751
0 752
0 753
0 754
0 755
0 756
0 757
0 758
0 759
0 760
0 761
0 762
0 763
0 764
0 765
0 766
0 767
0 768
0 769
0 770
0 771
0 772
0 773
0 774
0 775
0 776
0 777
0 778
0 779
0 780
0 781
0 782
0 783
0 784
0 785
0 786
0 787
0 788
0 789
0 790
0 791
0 792
0 793
0 794
0 795
0 796
0 797
0 798
0 799
0 800
0 801
0 802
0 803
0 804
0 805
0 806
0 807
0 808
0 809
0 810
0 811
0 812
0 813
0 814
0 815
0 816
0 817
0 818
0 819
0 820
0 821
0 822
0 823
0 824
0 825
0 826
0 827
0 828
0 829
0 830
0 831
0 832
0 833
0 834
0 835
0 836
0 837
0 838
0 839
0 840
0 841
0 842
0 843
0 844
0 845
0 846
0 847
0 848
0 849
0 850
0 851
0 852
0 853
0 854
0 855
0 856
0 857
0 858
0 859
0 860
0 861
0 862
0 863
0 864
0 865
0 866
0 867
0 868
0 869
0 870
0 871
0 872
0 873
0 874
0 875
0 876
0 877
0 878
0 879
0 880
0 881
0 882
0 883
0 884
0 885
0 886
0 887
0 888
0 889
0 890
0 891
0 892
0 893
0 894
0 895
0 896
0 897
0 898
0 899
0 900
0 901
0 902
0 903
0 904
0 905
0 906
0 907
0 908
0 909
0 910
0 911
0 912
0 913
0 914
0 915
0 916
0 917
0 918
0 919
0 920
0 921
0 922
0 923
0 924
0 925
0 926
0 927
0 928
0 929
0 930
0 931
0 932
0 933
0 934
0 935
0 936
0 937
0 938
0 939
0 940
0 941
0 942
0 943
0 944
0 945
0 946
0 947
0 948
0 949
0 950
0 951
0 952
0 953
0 954
0 955
0 956
0 957
0 958
0 959
0 960
0 961
0 962
0 963
0 964
0 965
0 966
0 967
0 968
0 969
0 970
0 971
0 972
0 973
0 974
0 975
0 976
0 977
0 978
0 979
0 980
0 981
0 982
0 983
0 984
0 985
0 986
0 987
0 988
0 989
0 990
0 991
0 992
0 993
0 994
0 995
0 996
0 997
0 998
0 999
0 1000
1 2
2 3
3 4
4 5
5 6
6 7
7 8
8 9
9 10
10 11
11 12
12 13
13 14
14 15
15 16
16 17
17 18
18 19
19 20
20 21
21 22
22 23
23 24
24 25
25 26
26 27
27 28
28 29
29 30
30 31
31 32
32 33
33 34
34 35
35 36
36 37
37 38
38 39
39 40
40 41
41 42
42 43
43 44
44 45
45 46
46 47
47 48
48 49
49 50
50 51
51 52
52 53
53 54
54 55
55 56
56 57
57 58
58 59
59 60
60 61
61 62
62 63
63 64
64 65
65 66
66 67
67 68
68 69
69 70
70 71
71 72
72 73
73 74
74 75
75 76
76 77
77 78
78 79
79 80
80 81
81 82
82 83
83 84
84 85
85 86
86 87
87 88
88 89
89 90
90 91
91 92
92 93
93 94
94 95
95 96
96 97
97 98
98 99
99 100
100 101
101 102
102 103
103 104
104 105
105 106
106 107
107 108
108 109
109 110
110 111
111 112
112 113
113 114
114 115
115 116
116 117
117 118
118 119
119 120
120 121
121 122
122 123
123 124
124 125
125 126
126 127
127 128
128 129
129 130
130 131
131 132
132 133
133 134
134 135
135 136
136 137
137 138
138 139
139 140
140 141
141 142
142 143
143 144
144 145
145 146
146 147
147 148
148 149
149 150
150 151
151 152
152 153
153 154
154 155
155 156
156 157
157 158
158 159
159 160
160 161
161 162
162 163
163 164
164 165
165 166
166 167
167 168
168 169
169 170
170 171
171 172
172 173
173 174
174 175
175 176
176 177
177 178
178 179
179 180
180 181
181 182
182 183
183 184
184 185
185 186
186 187
187 188
188 189
189 190
190 191
191 192
192 193
193 194
194 195
195 196
196 197
197 198
198 199
199 200
200 201
201 202
202 203
203 204
204 205
205 206
206 207
207 208
208 209
209 210
210 211
211 212
212 213
213 214
214 215
215 216
216 217
217 218
218 219
219 220
220 221
221 222
222 223
223 224
224 225
225 226
226 227
227 228
228 229
229 230
230 231
231 232
232 233
233 234
234 235
235 236
236 237
237 238
238 239
239 240
240 241
241 242
242 243
243 244
244 245
245 246
246 247
247 248
248 249
249 250
250 251
251 252
252 253
253 254
254 255
255 256
256 257
257 258
258 259
259 260
260 261
261 262
262 263
263 264
264 265
265 266
266 267
267 268
268 269
269 270
270 271
271 272
272 273
273 274
274 275
275 276
276 277
277 278
278 279
279 280
280 281
281 282
282 283
283 284
284 285
285 286
286 287
287 288
288 289
289 290
290 291
291 292
292 293
293 294
294 295
295 296
296 297
297 298
298 299
299 300
300 301
301 302
302 303
303 304
304 305
305 306
306 307
307 308
308 309
309 310
310 311
311 312
312 313
313 314
314 315
315 316
316 317
317 318
318 319
319 320
320 321
321 322
322 323
323 324
324 325
325 326
326 327
327 328
328 329
329 330
330 331
331 332
332 333
333 334
334 335
335 336
336 337
337 338
338 339
339 340
340 341
341 342
342 343
343 344
344 345
345 346
346 347
347 348
348 349
349 350
350 351
351 352
352 353
353 354
354 355
355 356
356 357
357 358
358 359
359 360
360 361
361 362
362 363
363 364
364 365
365 366
366 367
367 368
368 369
369 370
370 371
371 372
372 373
373 374
374 375
375 376
376 377
377 378
378 379
379 380
380 381
381 382
382 383
383 384
384 385
385 386
386 387
387 388
388 389
389 390
390 391
391 392
392 393
393 394
394 395
395 396
396 397
397 398
398 399
399 400
400 401
401 402
402 403
403 404
404 405
405 406
406 407
407 408
408 409
409 410
410 411
411 412
412 413
413 414
414 415
415 416
416 417
417 418
418 419
419 420
420 421
421 422
422 423
423 424
424 425
425 426
426 427
427 428
428 429
429 430
430 431
431 432
432 433
433 434
434 435
435 436
436 437
437 438
438 439
439 440
440 441
441 442
442 443
443 444
444 445
445 446
446 447
447 448
448 449
449 450
450 451
451 452
452 453
453 454
454 455
455 456
456 457
457 458
458 459
459 460
460 461
461 462
462 463
463 464
464 465
465 466
466 467
467 468
468 469
469 470
470 471
471 472
472 473
473 474
474 475
475 476
476 477
477 478
478 479
479 480
480 481
481 482
482 483
483 484
484 485
485 486
486 487
487 488
488 489
489 490
490 491
491 492
492 493
493 494
494 495
495 496
496 497
497 498
498 499
499 500
500 501
501 502
502 503
503 504
504 505
505 506
506 507
507 508
508 509
509 510
510 511
511 512
512 513
513 514
514 515
515 516
516 517
517 518
518 519
519 520
520 521
521 522
522 523
523 524
524 525
525 526
526 527
527 528
528 529
529 530
530 531
531 532
532 533
533 534
534 535
535 536
536 537
537 538
538 539
539 540
540 541
541 542
542 543
543 544
544 545
545 546
546 547
547 548
548 549
549 550
550 551
551 552
552 553
553 554
554 555
555 556
556 557
557 558
558 559
559 560
560 561
561 562
562 563
563 564
564 565
565 566
566 567
567 568
568 569
569 570
570 571
571 572
572 573
573 574
574 575
575 576
576 577
577 578
578 579
579 580
580 581
581 582
582 583
583 584
584 585
585 586
586 587
587 588
588 589
589 590
590 591
591 592
592 593
593 594
594 595
595 596
596 597
597 598
598 599
599 600
600 601
601 602
602 603
603 604
604 605
605 606
606 607
607 608
608 609
609 610
610 611
611 612
612 613
613 614
614 615
615 616
616 617
617 618
618 619
619 620
620 621
621 622
622 623
623 624
624 625
625 626
626 627
627 628
628 629
629 630
630 631
631 632
632 633
633 634
634 635
635 636
636 637
637 638
638 639
639 640
640 641
641 642
642 643
643 644
644 645
645 646
646 647
647 648
648 649
649 650
650 651
651 652
652 653
653 654
654 655
655 656
656 657
657 658
658 659
659 660
660 661
661 662
662 663
663 664
664 665
665 666
666 667
667 668
668 669
669 670
670 671
671 672
672 673
673 674
674 675
675 676
676 677
677 678
678 679
679 680
680 681
681 682
682 683
683 684
684 685
685 686
686 687
687 688
688 689
689 690
690 691
691 692
692 693
693 694
694 695
695 696
696 697
697 698
698 699
699 700
700 701
701 702
702 703
703 704
704 705
705 706
706 707
707 708
708 709
709 710
710 711
711 712
712 713
713 714
714 715
715 716
716 717
717 718
718 719
719 720
720 721
721 722
722 723
723 724
724 725
725 726
726 727
727 728
728 729
729 730
730 731
731 732
732 733
733 734
734 735
735 736
736 737
737 738
738 739
739 740
740 741
741 742
742 743
743 744
744 745
745 746
746 747
747 748
748 749
749 750
750 751
751 752
752 753
753 754
754 755
755 756
756 757
757 758
758 759
759 760
760 761
761 762
762 763
763 764
764 765
765 766
766 767
767 768
768 769
769 770
770 771
771 772
772 773
773 774
774 775
775 776
776 777
777 778
778 779
779 780
780 781
781 782
782 783
783 784
784 785
785 786
786 787
787 788
788 789
789 790
790 791
791 792
792 793
793 794
794 795
795 796
796 797
797 798
798 799
799 800
800 801
801 802
802 803
803 804
804 805
805 806
806 807
807 808
808 809
809 810
810 811
811 812
812 813
813 814
814 815
815 816
816 817
817 818
818 819
819 820
820 821
821 822
822 823
823 824
824 825
825 826
826 827
827 828
828 829
829 830
830 831
831 832
832 833
833 834
834 835
835 836
836 837
837 838
838 839
839 840
840 841
841 842
842 843
843 844
844 845
845 846
846 847
847 848
848 849
849 850
850 851
851 852
852 853
853 854
854 855
855 856
856 857
857 858
858 859
859 860
860 861
861 862
862 863
863 864
864 865
865 866
866 867
867 868
868 869
869 870
870 871
871 872
872 873
873 874
874 875
875 876
876 877
877 878
878 879
879 880
880 881
881 882
882 883
883 884
884 885
885 886
886 887
887 888
888 889
889 890
890 891
891 892
892 893
893 894
894 895
895 896
896 897
897 898
898 899
899 900
900 901
901 902
902 903
903 904
904 905
905 906
906 907
907 908
908 909
909 910
910 911
911 912
912 913
913 914
914 915
915 916
916 917
917 918
918 919
919 920
920 921
921 922
922 923
923 924
924 925
925 926
926 927
927 928
928 929
929 930
930 931
931 932
932 933
933 934
934 935
935 936
936 937
937 938
938 939
939 940
940 941
941 942
942 943
943 944
944 945
945 946
946 947
947 948
948 949
949 950
950 951
951 952
952 953
953 954
954 955
955 956
956 957
957 958
958 959
959 960
960 961
961 962
962 963
963 964
964 965
965 966
966 967
967 968
968 969
969 970
970 971
971 972
972 973
973 974
974 975
975 976
976 977
977 978
978 979
979 980
980 981
981 982
982 983
983 984
984 985
985 986
986 987
987 988
988 989
989 990
990 991
991 992
992 993
993 994
994 995
995 996
996 997
997 998
998 999
999 1000
1000 1
1 1001
2 1001
3 1001
4 1001
5 1001
6 1001
7 1001
8 1001
9 1001
10 1001
11 1001
12 1001
13 1001
14 1001
15 1001
16 1001
17 1001
18 1001
19 1001
20 1001
21 1001
22 1001
23 1001
24 1001
25 1001
26 1001
27 1001
28 1001
29 1001
30 1001
31 1001
32 1001
33 1001
34 1001
35 1001
36 1001
37 1001
38 1001
39 1001
40 1001
41 1001
42 1001
43 1001
44 1001
45 1001
46 1001
47 1001
48 1001
49 1001
50 1001
51 1001
52 1001
53 1001
54 1001
55 1001
56 1001
57 1001
58 1001
59 1001
60 1001
61 1001
62 1001
63 1001
64 1001
65 1001
66 1001
67 1001
68 1001
69 1001
70 1001
71 1001
72 1001
73 1001
74 1001
75 1001
76 1001
77 1001
78 1001
79 1001
80 1001
81 1001
82 1001
83 1001
84 1001
85 1001
86 1001
87 1001
88 1001
89 1001
90 1001
91 1001
92 1001
93 1001
94 1001
95 1001
96 1001
97 1001
98 1001
99 1001
100 1001
101 1001
102 1001
103 1001
104 1001
105 1001
106 1001
107 1001
108 1001
109 1001
110 1001
111 1001
112 1001
113 1001
114 1001
115 1001
116 1001
117 1001
118 1001
119 1001
120 1001
121 1001
122 1001
123 1001
124 1001
125 1001
126 1001
127 1001
128 1001
129 1001
130 1001
131 1001
132 1001
133 1001
134 1001
135 1001
136 1001
137 1001
138 1001
139 1001
140 1001
141 1001
142 1001
143 1001
144 1001
145 1001
146 1001
147 1001
148 1001
149 1001
150 1001
151 1001
152 1001
153 1001
154 1001
155 1001
156 1001
157 1001
158 1001
159 1001
160 1001
161 1001
162 1001
163 1001
164 1001
165 1001
166 1001
167 1001
168 1001
169 1001
170 1001
171 1001
172 1001
173 1001
174 1001
175 1001
176 1001
177 1001
178 1001
179 1001
180 1001
181 1001
182 1001
183 1001
184 1001
185 1001
186 1001
187 1001
188 1001
189 1001
190 1001
191 1001
192 1001
193 1001
194 1001
195 1001
196 1001
197 1001
198 1001
199 1001
200 1001
201 1001
202 1001
203 1001
204 1001
205 1001
206 1001
207 1001
208 1001
209 1001
210 1001
211 1001
212 1001
213 1001
214 1001
215 1001
216 1001
217 1001
218 1001
219 1001
220 1001
221 1001
222 1001
223 1001
224 1001
225 1001
226 1001
227 1001
228 1001
229 1001
230 1001
231 1001
232 1001
233 1001
234 1001
235 1001
236 1001
237 1001
238 1001
239 1001
240 1001
241 1001
242 1001
243 1001
244 1001
245 1001
246 1001
247 1001
248 1001
249 1001
250 1001
251 1001
252 1001
253 1001
254 1001
255 1001
256 1001
257 1001
258 1001
259 1001
260 1001
261 1001
262 1001
263 1001
264 1001
265 1001
266 1001
267 1001
268 1001
269 1001
270 1001
271 1001
272 1001
273 1001
274 1001
275 1001
276 1001
277 1001
278 1001
279 1001
280 1001
281 1001
282 1001
283 1001
284 1001
285 1001
286 1001
287 1001
288 1001
289 1001
290 1001
291 1001
292 1001
293 1001
294 1001
295 1001
296 1001
297 1001
298 1001
299 1001
300 1001
301 1001
302 1001
303 1001
304 1001
305 1001
306 1001
307 1001
308 1001
309 1001
310 1001
311 1001
312 1001
313 1001
314 1001
315 1001
316 1001
317 1001
318 1001
319 1001
320 1001
321 1001
322 1001
323 1001
324 1001
325 1001
326 1001
327 1001
328 1001
329 1001
330 1001
331 1001
332 1001
333 1001
334 1001
335 1001
336 1001
337 1001
338 1001
339 1001
340 1001
341 1001
342 1001
343 1001
344 1001
345 1001
346 1001
347 1001
348 1001
349 1001
350 1001
351 1001
352 1001
353 1001
354 1001
355 1001
356 1001
357 1001
358 1001
359 1001
360 1001
361 1001
362 1001
363 1001
364 1001
365 1001
366 1001
367 1001
368 1001
369 1001
370 1001
371 1001
372 1001
373 1001
374 1001
375 1001
376 1001
377 1001
378 1001
379 1001
380 1001
381 1001
382 1001
383 1001
384 1001
385 1001
386 1001
387 1001
388 1001
389 1001
390 1001
391 1001
392 1001
393 1001
394 1001
395 1001
396 1001
397 1001
398 1001
399 1001
400 1001
401 1001
402 1001
403 1001
404 1001
405 1001
406 1001
407 1001
408 1001
409 1001
410 1001
411 1001
412 1001
413 1001
414 1001
415 1001
416 1001
417 1001
418 1001
419 1001
420 1001
421 1001
422 1001
423 1001
424 1001
425 1001
426 1001
427 1001
428 1001
429 1001
430 1001
431 1001
432 1001
433 1001
434 1001
435 1001
436 1001
437 1001
438 1001
439 1001
440 1001
441 1001
442 1001
443 1001
444 1001
445 1001
446 1001
447 1001
448 1001
449 1001
450 1001
451 1001
452 1001
453 1001
454 1001
455 1001
456 1001
457 1001
458 1001
459 1001
460 1001
461 1001
462 1001
463 1001
464 1001
465 1001
466 1001
467 1001
468 1001
469 1001
470 1001
471 1001
472 1001
473 1001
474 1001
475 1001
476 1001
477 1001
478 1001
479 1001
480 1001
481 1001
482 1001
483 1001
484 1001
485 1001
486 1001
487 1001
488 1001
489 1001
490 1001
491 1001
492 1001
493 1001
494 1001
495 1001
496 1001
497 1001
498 1001
499 1001
500 1001
501 1001
502 1001
503 1001
504 1001
505 1001
506 1001
507 1001
508 1001
509 1001
510 1001
511 1001
512 1001
513 1001
514 1001
515 1001
516 1001
517 1001
518 1001
519 1001
520 1001
521 1001
522 1001
523 1001
524 1001
525 1001
526 1001
527 1001
528 1001
529 1001
530 1001
531 1001
532 1001
533 1001
534 1001
535 1001
536 1001
537 1001
538 1001
539 1001
540 1001
541 1001
542 1001
543 1001
544 1001
545 1001
546 1001
547 1001
548 1001
549 1001
550 1001
551 1001
552 1001
553 1001
554 1001
555 1001
556 1001
557 1001
558 1001
559 1001
560 1001
561 1001
562 1001
563 1001
564 1001
565 1001
566 1001
567 1001
568 1001
569 1001
570 1001
571 1001
572 1001
573 1001
574 1001
575 1001
576 1001
577 1001
578 1001
579 1001
580 1001
581 1001
582 1001
583 1001
584 1001
585 1001
586 1001
587 1001
588 1001
589 1001
590 1001
591 1001
592 1001
593 1001
594 1001
595 1001
596 1001
597 1001
598 1001
599 1001
600 1001
601 1001
602 1001
603 1001
604 1001
605 1001
606 1001
607 1001
608 1001
609 1001
610 1001
611 1001
612 1001
613 1001
614 1001
615 1001
616 1001
617 1001
618 1001
619 1001
620 1001
621 1001
622 1001
623 1001
624 1001
625 1001
626 1001
627 1001
628 1001
629 1001
630 1001
631 1001
632 1001
633 1001
634 1001
635 1001
636 1001
637 1001
638 1001
639 1001
640 1001
641 1001
642 1001
643 1001
644 1001
645 1001
646 1001
647 1001
648 1001
649 1001
650 1001
651 1001
652 1001
653 1001
654 1001
655 1001
656 1001
657 1001
658 1001
659 1001
660 1001
661 1001
662 1001
663 1001
664 1001
665 1001
666 1001
667 1001
668 1001
669 1001
670 1001
671 1001
672 1001
673 1001
674 1001
675 1001
676 1001
677 1001
678 1001
679 1001
680 1001
681 1001
682 1001
683 1001
684 1001
685 1001
686 1001
687 1001
688 1001
689 1001
690 1001
691 1001
692 1001
693 1001
694 1001
695 1001
696 1001
697 1001
698 1001
699 1001
700 1001
701 1001
702 1001
703 1001
704 1001
705 1001
706 1001
707 1001
708 1001
709 1001
710 1001
711 1001
712 1001
713 1001
714 1001
715 1001
716 1001
717 1001
718 1001
719 1001
720 1001
721 1001
722 1001
723 1001
724 1001
725 1001
726 1001
727 1001
728 1001
729 1001
730 1001
731 1001
732 1001
733 1001
734 1001
735 1001
736 1001
737 1001
738 1001
739 1001
740 1001
741 1001
742 1001
743 1001
744 1001
745 1001
746 1001
747 1001
748 1001
749 1001
750 1001
751 1001
752 1001
753 1001
754 1001
755 1001
756 1001
757 1001
758 1001
759 1001
760 1001
761 1001
762 1001
763 1001
764 1001
765 1001
766 1001
767 1001
768 1001
769 1001
770 1001
771 1001
772 1001
773 1001
774 1001
775 1001
776 1001
777 1001
778 1001
779 1001
780 1001
781 1001
782 1001
783 1001
784 1001
785 1001
786 1001
787 1001
788 1001
789 1001
790 1001
791 1001
792 1001
793 1001
794 1001
795 1001
796 1001
797 1001
798 1001
799 1001
800 1001
801 1001
802 1001
803 1001
804 1001
805 1001
806 1001
807 1001
808 1001
809 1001
810 1001
811 1001
812 1001
813 1001
814 1001
815 1001
816 1001
817 1001
818 1001
819 1001
820 1001
821 1001
822 1001
823 1001
824 1001
825 1001
826 1001
827 1001
828 1001
829 1001
830 1001
831 1001
832 1001
833 1001
834 1001
835 1001
836 1001
837 1001
838 1001
839 1001
840 1001
841 1001
842 1001
843 1001
844 1001
845 1001
846 1001
847 1001
848 1001
849 1001
850 1001
851 1001
852 1001
853 1001
854 1001
855 1001
856 1001
857 1001
858 1001
859 1001
860 1001
861 1001
862 1001
863 1001
864 1001
865 1001
866 1001
867 1001
868 1001
869 1001
870 1001
871 1001
872 1001
873 1001
874 1001
875 1001
876 1001
877 1001
878 1001
879 1001
880 1001
881 1001
882 1001
883 1001
884 1001
885 1001
886 1001
887 1001
888 1001
889 1001
890 1001
891 1001
892 1001
893 1001
894 1001
895 1001
896 1001
897 1001
898 1001
899 1001
900 1001
901 1001
902 1001
903 1001
904 1001
905 1001
906 1001
907 1001
908 1001
909 1001
910 1001
911 1001
912 1001
913 1001
914 1001
915 1001
916 1001
917 1001
918 1001
919 1001
920 1001
921 1001
922 1001
923 1001
924 1001
925 1001
926 1001
927 1001
928 1001
929 1001
930 1001
931 1001
932 1001
933 1001
934 1001
935 1001
936 1001
937 1001
938 1001
939 1001
940 1001
941 1001
942 1001
943 1001
944 1001
945 1001
946 1001
947 1001
948 1001
949 1001
950 1001
951 1001
952 1001
953 1001
954 1001
955 1001
956 1001
957 1001
958 1001
959 1001
960 1001
961 1001
962 1001
963 1001
964 1001
965 1001
966 1001
967 1001
968 1001
969 1001
970 1001
971 1001
972 1001
973 1001
974 1001
975 1001
976 1001
977 1001
978 1001
979 1001
980 1001
981 1001
982 1001
983 1001
984 1001
985 1001
986 1001
987 1001
988 1001
989 1001
990 1001
991 1001
992 1001
993 1001
994 1001
995 1001
996 1001
997 1001
998 1001
999 1001
1000 1001
